7 8
0 0 0 0 0 0 1 1
1 1 0 0 0 0 1 1
1 1 0 0 0 0 0 0
1 1 0 0 0 1 1 0
0 0 0 0 0 1 1 0
0 0 0 0 0 0 0 0
1 1 1 1 1 1 1 1

> 9

7 8
0 0 0 1 1 0 0 0
0 0 0 1 1 0 0 0
1 1 0 0 0 0 1 1
1 1 0 0 0 0 1 1
1 1 0 0 0 0 0 0
0 0 0 0 0 0 0 0
1 1 1 1 1 1 1 1

> 10

7 8
1 0 0 1 1 1 0 0
0 0 1 0 0 0 1 1
0 0 1 0 0 0 1 1
0 0 1 1 1 0 0 0
0 0 0 0 0 0 0 0
0 1 1 1 0 0 0 0
1 1 1 1 1 1 0 0

> 9

7 7
1 1 1 0 1 1 1
1 1 1 0 1 1 1
1 1 1 0 1 1 1
0 0 0 0 0 0 0
1 1 1 0 1 1 1
1 1 1 0 1 1 1
1 1 1 0 1 1 1

> -1

1 3
1 1 1

10 8
0 0 1 1 1 1 1 0
1 1 1 1 1 1 0 1
0 0 0 1 0 1 0 0
1 1 0 1 1 0 1 1
0 0 1 1 0 1 1 0
0 1 0 0 0 0 0 0
1 1 1 1 0 0 1 0
1 0 0 1 1 1 0 0
1 1 0 0 0 1 1 1
1 1 1 0 0 1 0 1

https://www.acmicpc.net/board/view/41802

위 반례들 테스트 해보자